20200623125037
20200623152621
20200623172658
20200623182526
20200623191935
20200623232946
20200624024444
20200624113421
20200624125313
20200624134137
20200624183702
20200624195643
20200624202415
20200624205116
20200625023820
20200625040909
20200625081653
20200625134105
20200625180641
20200625193425
20200626101222
20200626141655
20200627083615
20200627110652
20200628101433
20200628145351
20200629033156
20200629034110
20200629034111
20200629155717
20200630170015
20200701174816
20200702030411
20200702031835
20200702031836
20200702043143
20200702043338
20200702073446
20200702194858
20200703205801
20200704221149
20200706000213
20200706072208
20200706235945
20200708045444
20200708095039
20200709063632
20200709142518
20200710073807
20200710183550
20200711074716
20200712091445
20200713110303
20200714141452
20200715132025
20200716071420
20200716134947
20200717075923
20200717152729
20200718104736
20200718164051
20200718195236
20200719123726
20200719172328
20200720203628
20200720214407
20200721195852
20200721212525
20200722235113
20200723212621
20200724045601
20200724235345
20200726073832
20200727070928
20200728105442
20200729094111
20200730095633
20200731112125
20200801110701
20200801133344
20200802175908
20200803170652
20200805044833
20200806010217
20200806223433
20200808015105
20200809033548
20200812011217
20200813031920
20200814035252
20200815041855
20200816044951
20200817053821
20200818063232
20200819071551
20200820073516
20200821110744
20200822123156
20200823125704
20200824171502
20200825155745
20200826163816
20200827181637
20200829004415
20200829175519
20200830191033
20200831192546
20200903022700
20200903224322
20200905000136
20200906000623
20200910033230
20200911034823
20200912060242
20200913061124
20200914065325
20200917090826
20200919094010
20200920094911
20200921070658
20200925034708
20200926065312
20200927050412
20200928050519
20200929055135
20200929234612
20200930073513
20201001085730
20201002091244
20201003095157
20201003153250
20201004032637
20201004083333
20201005181139
20201006113157
20201007135429
20201008135921
20201009134808
20201010153942
20201011145658
20201012080759
20201012191803
20201013190446
20201014215930
20201015193127
20201017010443
20201017221850
20201018221947
20201019230603
20201020234518
20201021220514
20201022224447
20201024023626
20201025092128
20201026172344
20201027190423
20201028205502
20201029232357
20201031005051
20201031202921
20201101061603
20201102005424
20201103021921
20201104022056
20201105005917
20201106004134
20201106072333
20201107032855
20201108040843
20201109050644
20201109160616
20201109171704
20201110065225
20201111073051
20201111123320
20201113052552
20201114061923
20201114214930
20201115004809
20201115060558
20201115164810
20201116044645
20201116062007
20201116141613
20201116153750
20201116202601
20201117054727
20201117070812
20201117104844
20201117143624
20201117185637
20201117221021
20201118002442
20201118095527
20201118191350
20201119042731
20201119062749
20201119081247
20201119094121
20201119184706
20201120074447
20201120082049
20201120155603
20201120203927
20201120213524
20201121022615
20201121070125
20201121111355
20201122132740
20201122132740
20201123102409
20201124120122
20201125122139
20201126134006
20201127141151
