20200823210018
20200824053232
20200824061733
20200824062547
20200824074201
20200824115032
20200824211210
20200825011901
20200825085249
20200825104143
20200825153619
20200826235449
20200827022817
20200828003959
20200828030411
20200829030214
20200829054722
20200830005915
20200830033316
20200831050100
20200901054515
20200903130520
20200911120112
20200911122741
20200911184553
20200912144000
20200912223037
20200928040708
20201002043659
20201003040201
20201004032712
20201005041633
20201015105839
20201019183617
20201023045814
20201024023326
20201025120455
20201026123934
20201027155253
20201028094910
20201030210140
20201106071512
20201106192459
20201111123231
20201114061158
20201115165710
20201117042354
20201117132645
20201118005059
20201118153808
20201120032645
20201121042001
20201121134812
20201122220831
20201123144515
20201124003414
