20200529045319
20200529045320
20200529045320
20200529045525
20200529045607
20200529050218
20200529051809
20200529052659
20200529052937
20200529053046
20200529053057
20200529053113
20200529053130
20200529053351
20200529053419
20200529055000
20200529060202
20200529060318
20200529062444
20200529062744
20200529063839
20200529063934
20200529063952
20200529063954
20200529064753
20200529064817
20200529071746
20200529072501
20200529073309
20200529073808
20200529073859
20200529081702
20200529082342
20200529082425
20200529085653
20200529091631
20200529094636
20200529095942
20200529110243
20200529111219
20200529112234
20200529112453
20200529114855
20200529122740
20200529132859
20200529135032
20200529140342
20200529143333
20200529143656
20200529145229
20200529145314
20200529145339
20200529162429
20200529170501
20200529171809
20200529171955
20200529173356
20200529182357
20200529184026
20200529185051
20200529190719
20200529190813
20200529195737
20200529212833
20200529220801
20200529232948
20200530005149
20200530021915
20200530031402
20200530032642
20200530033309
20200530042958
20200530043216
20200530044521
20200530051118
20200530053640
20200530061042
20200530064814
20200530065740
20200530070924
20200530071332
20200530072835
20200530073030
20200530074059
20200530075315
20200530075605
20200530080243
20200530080631
20200530080746
20200530110754
20200530110855
20200530113514
20200530130903
20200530131756
20200530132723
20200530134529
20200530144301
20200530145753
20200530183047
20200530192116
20200530192527
20200530193700
20200530203055
20200530213009
20200531002141
20200531002209
20200531012920
20200531023011
20200531025023
20200531055347
20200531055639
20200531063433
20200531072523
20200531075013
20200531080644
20200531080645
20200531082319
20200531085635
20200531090159
20200531092210
20200531092844
20200531094828
20200531103957
20200531113855
20200531114229
20200531120655
20200531134216
20200531141941
20200531143948
20200531150827
20200531184145
20200531190400
20200531192501
20200531235921
20200601000538
20200601012904
20200601031117
20200601050300
20200601085300
20200601094325
20200601100253
20200601112212
20200601130244
20200601130956
20200601131043
20200601140647
20200601143559
20200601153748
20200601154910
20200601183315
20200601185922
20200601194819
20200602002508
20200602013916
20200602030911
20200602031009
20200602053120
20200602141441
20200602162958
20200602171144
20200602193136
20200602194250
20200602194252
20200602194302
20200602205543
20200602232201
20200603002847
20200603025704
20200603054132
20200603135347
20200603151750
20200603183251
20200603184412
20200603202720
20200603212147
20200603233539
20200604001910
20200604002028
20200604022748
20200604035324
20200604035553
20200604051956
20200604062745
20200604064718
20200604134737
20200604210048
20200604211906
20200604211913
20200604235257
20200605000424
20200605022838
20200605041231
20200605043539
20200605073904
20200605133339
20200605185456
20200605192658
20200605192708
20200605211417
20200605233103
20200606003835
20200606042109
20200606070607
20200606170423
20200606202223
20200606213811
20200607020112
20200607055801
20200607083819
20200607095854
20200607194544
20200607215007
20200608030107
20200608144811
20200609041406
20200609181444
20200609192710
20200609225506
20200609233901
20200610032801
20200610060656
20200610081227
20200610140046
20200611011637
20200611041648
20200611054645
20200611064048
20200611080505
20200611144504
20200612035732
20200612045035
20200612060335
20200612064559
20200612065704
20200612145550
20200612150328
20200612160557
20200612175625
20200612175817
20200612205416
20200612234239
20200613050952
20200613060918
20200613073332
20200613093034
20200613100116
20200613183351
20200613184103
20200613190314
20200613214141
20200614005331
20200614023405
20200614023530
20200614063153
20200614074507
20200614075346
20200614090403
20200614102111
20200614113723
20200614174401
20200614184811
20200614192841
20200614224245
20200615054552
20200615132359
20200615141659
20200615151112
20200615191540
20200615195126
20200616001006
20200616010224
20200616024801
20200616043658
20200616101200
20200616102013
20200616173115
20200616200223
20200616204114
20200617002651
20200617071059
20200617103214
20200617111932
20200617142247
20200617154921
20200617204113
20200617213716
20200617221707
20200618014042
20200618040113
20200618043543
20200618084146
20200618114819
20200618125356
20200618131815
20200618152002
20200618164606
20200618220355
20200618222328
20200619022136
20200619063449
20200619091749
20200619113802
20200619131515
20200619141926
20200619224653
20200619230015
20200620033018
20200620084553
20200620092817
20200620100937
20200620123330
20200620133848
20200620190849
20200620193932
20200620235415
20200621001548
20200621041250
20200621111619
20200621115733
20200621130841
20200621151416
20200621163208
20200621204757
20200621210533
20200622004454
20200622012553
20200622021203
20200622031244
20200622044530
20200622152635
20200622170112
20200622173221
20200622175548
20200622213200
20200623011318
20200623020414
20200623052906
20200623164405
20200623172117
20200623184604
20200623193920
20200623235005
20200624011014
20200624015826
20200624030554
20200624073528
20200624175546
20200624183935
20200624191805
20200624232527
20200625030557
20200625033659
20200625034441
20200625043359
20200625081451
20200625184559
20200625193642
20200625205621
20200625215837
20200625232246
20200626034540
20200626050046
20200626085705
20200626115548
20200626194849
20200626204219
20200626223617
20200627032008
20200627044041
20200627052038
20200627061640
20200627080808
20200627092525
20200627161326
20200627204503
20200627214920
20200627232213
20200628054847
20200628064749
20200628093517
20200628100209
20200628103823
20200628171651
20200628184933
20200628190131
20200628195449
20200628222819
20200629064155
20200629083149
20200629134812
20200629231103
20200629231958
20200630000254
20200630004211
20200630021600
20200630072538
20200630092721
20200630145045
20200630205202
20200630214045
20200630233933
20200701001915
20200701032042
20200701062439
20200701083102
20200701110334
20200701152900
20200701162742
20200702004734
20200702022719
20200702053555
20200702080613
20200702080947
20200702090451
20200702092758
20200702101749
20200702115454
20200702121903
20200702170856
20200702211732
20200702221629
20200703025331
20200703102959
20200703123314
20200703130353
20200703181044
20200703204827
20200704003435
20200704035400
20200704051421
20200704071806
20200704110103
20200704132430
20200704153606
20200704162001
20200704185313
20200705044433
20200705102836
20200705114200
20200705141112
20200705193840
20200705212412
20200706012536
20200706063038
20200706121429
20200706152728
20200706200412
20200707000238
20200707014957
20200707070124
20200707090137
20200707131551
20200707160933
20200707165806
20200707212857
20200708082835
20200708085010
20200708145105
20200708145442
20200708165236
20200708180032
20200708221702
20200708221926
20200708231946
20200709014757
20200709042504
20200709070743
20200709104542
20200709155619
20200709164042
20200709180730
20200709181342
20200709230701
20200710042458
20200710075342
20200710123422
20200710163536
20200710183319
20200710192830
20200710222211
20200710234840
20200710235940
20200711002308
20200711012940
20200711055836
20200711091034
20200711174337
20200711181903
20200711203340
20200712012047
20200712015104
20200712055427
20200712075327
20200712112646
20200712123316
20200712181601
20200712194337
20200712205656
20200713023255
20200713041304
20200713090934
20200713113551
20200713141313
20200713200807
20200713230736
20200714025812
20200714071335
20200714155316
20200714211006
20200714212034
20200715001659
20200715041621
20200715092128
20200715191450
20200715210031
20200716002955
20200716021840
20200716041329
20200716044156
20200716214453
20200716235843
20200717025611
20200717033900
20200717053704
20200717060948
20200717061245
20200717113044
20200717230001
20200718040920
20200718041005
20200718070753
20200718081216
20200718184731
20200719003947
20200719010636
20200719045732
20200719063045
20200719070149
20200719075154
20200719094900
20200719124438
20200720010544
20200720020922
20200720053151
20200720091739
20200720100917
20200720101714
20200720165640
20200721031659
20200721060646
20200721093722
20200721123304
20200721124309
20200722042015
20200722074801
20200722105833
20200722200910
20200723155314
20200723230315
20200724002434
20200724054116
20200724135119
20200724183623
20200725030407
20200725064843
20200725154419
20200726040143
20200726164701
20200726213128
20200727235205
20200729011640
20200730025914
20200730155558
20200731043144
20200801000204
20200801035135
20200801060507
20200801111009
20200802085922
20200802091642
20200803112538
20200804170308
20200805084000
20200805204447
20200806074941
20200806132934
20200806144804
20200807111558
20200807150447
20200808014350
20200808170633
20200808230232
20200809011556
20200809164820
20200810171913
20200811112838
20200811142139
20200811180219
20200812021130
20200812194903
20200813200800
20200814212834
20200814221112
20200815201140
20200816220337
20200817214102
20200818055125
20200818235657
20200820000205
20200820020630
20200820212649
20200821002015
20200821185025
20200822000244
20200822004125
20200822222055
20200823021733
20200824022134
20200824024213
20200824141609
20200825031125
20200826033327
20200827041727
20200828044258
20200828223448
20200829044856
20200829230138
20200830055330
20200830234257
20200831005248
20200831055632
20200901032114
20200901032517
20200901062803
20200902091447
20200903101431
20200903152152
20200903200711
20200904153927
20200904181621
20200906130404
20200906133850
20200906151240
20200907163745
20200909023510
20200913190006
20200914042611
20200914210739
20200917123755
20200919150825
20200921045131
20200921184719
20200922194317
20200924143823
20200924202700
20200924215248
20200925013313
20200926073304
20200928190533
20200929201001
20200930143231
20201003004900
20201003143351
20201003145851
20201006164009
20201006192459
20201007150454
20201007233141
20201008132529
20201008155755
20201008161111
20201009155812
20201010134430
20201012123816
20201013205727
20201014165023
20201019180748
20201022071556
20201023051527
20201024062925
20201025142820
20201026152008
20201027145730
20201028175400
20201029173924
20201029200431
20201030191542
20201030210309
20201031031428
20201031074055
20201031192653
20201101212913
20201101233523
20201102025301
20201102175530
20201104031353
20201104080657
20201105102251
20201106013018
20201106072632
20201106082016
20201106110624
20201106203546
20201107025453
20201107205422
20201107214946
20201107220420
20201108045452
20201108053110
20201108202040
20201108205801
20201108234055
20201109165352
20201109172818
20201109172818
20201110000442
20201110005024
20201110030059
20201110113357
20201111123354
20201111200322
20201112053814
20201114040016
20201114040518
20201114093414
20201114205426
20201115010801
20201115011548
20201115031454
20201115033637
20201115155301
20201115171420
20201116080951
20201116213323
20201116222505
20201116233028
20201117041841
20201117143514
20201117152531
20201117183458
20201117223055
20201118055929
20201118061559
20201118102254
20201118182521
20201119103919
20201119135155
20201120183130
20201121001916
20201121002534
20201121004803
20201121021646
20201121021650
20201121070120
20201121135219
20201121151104
20201122015844
20201122030741
20201122103946
20201122103946
20201123235252
20201124233217
20201125085405
20201126033458
20201126233328
