20201006120636
20201006120918
20201006125649
20201006132757
20201006140202
20201006143459
20201006173209
20201006180044
20201006180437
20201006182839
20201006185723
20201006190005
20201006193339
20201006195418
20201006202100
20201006202204
20201006204708
20201006205026
20201006211228
20201006224600
20201006234701
20201007002813
20201007024903
20201007031328
20201007050355
20201007051321
20201007094203
20201007100812
20201007102634
20201007104949
20201007165140
20201007190758
20201007232101
20201008001004
20201008020725
20201008034320
20201008054422
20201008111528
20201008114416
20201008122605
20201008181521
20201008231832
20201009025416
20201009040824
20201009063530
20201009115205
20201009121632
20201009142231
20201010040041
20201010041916
20201010072500
20201010111417
20201010134003
20201010152827
20201010172223
20201010183146
20201011034246
20201011051106
20201011153858
20201011160602
20201011172412
20201011224039
20201012054318
20201012080557
20201012092208
20201012115426
20201012120912
20201012195101
20201013001731
20201013121912
20201013174346
20201013194915
20201014034921
20201014095433
20201014102627
20201014165311
20201014183841
20201014211654
20201015123226
20201015183653
20201015191224
20201016003744
20201016090302
20201016144631
20201016184508
20201016202131
20201017015033
20201017121015
20201017170955
20201017232909
20201018002441
20201018023732
20201018175008
20201018220505
20201019000604
20201019032132
20201019133102
20201019152107
20201020054156
20201020141612
20201021020136
20201021082153
20201021111214
20201021144325
20201021233247
20201022155854
20201023172827
20201023172853
20201025072646
20201025230929
20201025231123
20201026010348
20201026012701
20201027032731
20201027071438
20201027153602
20201028013755
20201028064227
20201028191844
20201029082320
20201029200704
20201029221519
20201030092756
20201031093937
20201031095258
20201101004259
20201101114257
20201101184810
20201101195600
20201102151750
20201103013310
20201103155615
20201103185554
20201104190028
20201104203247
20201105183256
20201106070052
20201106112829
20201106185846
20201106201350
20201107183500
20201107203404
20201107210422
20201107211438
20201107213118
20201108185526
20201108203409
20201109223034
20201111040204
20201111120420
20201111123006
20201111145516
20201112133520
20201113090933
20201114035836
20201114061159
20201115001106
20201115055608
20201115175621
20201116081425
20201116180811
20201116192412
20201117002511
20201117120948
20201117172737
20201117213602
20201117223059
20201118031647
20201118113259
20201118123852
20201118124635
20201119093703
20201119104955
20201119124640
20201119211722
20201120032649
20201123060107
20201127215211
