20200912204006
20200912211337
20200912231906
20200912233822
20200913012045
20200913042950
20200913130651
20200914005734
20200914072520
20200917135811
20200918162956
20200919153316
20200920135406
20200924065452
20200924213938
20200925233945
20200927002317
20200928095604
20200929105205
20200930114514
20201001025505
20201002115447
20201003124151
20201004125409
20201005150718
20201006152732
20201007164228
20201008172825
20201009174735
20201010193845
20201011190559
20201012221938
20201106070751
20201106192459
20201106202653
20201107203453
20201107205419
20201110012455
20201111123042
20201114043615
20201114234718
20201115150226
20201118102112
20201119104946
20201122113108
20201122215703
